0	0
1	0
2	1
3	1
4	1
5	1
6	1
7	5
8	5
9	5
10	0
11	5
12	5
13	4
14	2
15	6
16	0
17	0
18	0
19	5
20	0
21	0
22	0
23	4
24	4
25	4
26	4
27	4
28	4
29	4
30	4
31	4
32	4
33	4
34	4
35	4
36	4
37	4
38	4
39	4
40	4
41	2
42	0
43	5
44	5
45	6
46	6
47	4
48	4
49	0
50	0
51	2
52	3
53	2
54	1
55	1
56	1
57	1
58	1
59	1
60	3
61	3
62	0
63	1
64	2
65	2
66	0
67	0
68	0
69	0
70	0
71	0
72	0
73	0
74	0
75	4
76	4
77	0
78	0
79	0
80	0
81	0
82	0
83	0
84	0
85	0
86	2
87	0
88	1
89	1
90	0
91	0
92	0
93	2
94	2
95	2
96	4
97	6
98	6
99	6
100	6
101	6
102	1
103	3
104	3
105	0
106	0
107	0
108	0
109	0
110	0
111	0
112	0
113	4
114	4
115	4
116	4
117	4
118	0
119	4
120	0
121	0
122	3
123	4
124	6
125	6
126	1
127	0
128	2
129	2
130	2
131	1
132	1
133	2
134	7
135	4
136	4
137	1
138	1
139	6
140	6
141	5
142	0
143	0
144	0
145	0
146	0
147	0
148	3
149	3
150	3
151	4
152	0
153	0
154	0
155	0
156	3
157	3
158	1
159	1
160	3
161	5
162	0
163	0
164	6
165	4
166	0
167	2
168	2
169	4
170	4
171	4
172	2
173	0
174	1
175	1
176	2
177	3
178	3
179	3
180	3
181	3
182	3
183	2
184	0
185	6
186	0
187	0
188	0
189	0
190	0
191	3
192	1
193	1
194	1
195	1
196	2
197	2
198	2
199	2
200	2
201	2
202	2
203	2
204	2
205	2
206	2
207	2
208	1
209	1
210	1
211	1
212	0
213	5
214	3
215	0
216	6
217	0
218	0
219	0
220	4
221	0
222	0
223	0
224	0
225	0
226	0
227	0
228	0
229	4
230	0
231	3
232	2
233	1
234	1
235	1
236	1
237	1
238	1
239	1
240	1
241	1
242	1
243	1
244	1
245	4
246	5
247	5
248	0
249	0
250	3
251	4
252	1
253	0
254	0
255	0
256	0
257	2
258	0
259	0
260	0
261	4
262	3
263	4
264	5
265	5
266	5
267	5
268	0
269	6
270	2
271	1
272	6
273	6
274	6
275	2
276	2
277	3
278	3
279	0
280	2
281	1
282	0
283	0
284	3
285	1
286	1
287	0
288	0
289	3
290	2
291	2
292	2
293	5
294	2
295	3
296	3
297	0
298	0
299	0
300	0
301	1
302	1
303	1
304	1
305	1
306	0
307	0
308	0
309	0
310	0
311	0
312	0
313	0
314	0
315	0
316	0
317	0
318	4
319	1
320	3
321	3
322	6
323	6
324	5
325	0
326	0
327	0
328	0
329	0
330	0
331	5
332	5
333	4
334	6
335	6
336	4
337	4
338	4
339	4
340	0
341	0
342	3
343	3
344	3
345	3
346	3
347	3
348	3
349	3
350	3
351	3
352	3
353	6
354	6
355	0
356	0
357	0
358	5
359	5
360	5
361	4
362	5
363	0
364	0
365	0
366	0
367	4
368	3
369	1
370	4
371	6
372	0
373	1
374	5
375	0
376	3
377	3
378	3
379	3
380	3
381	3
382	3
383	3
384	3
385	3
386	3
387	3
388	3
389	3
390	3
391	3
392	3
393	3
394	3
395	3
396	3
397	3
398	3
399	2
400	0
401	2
402	3
403	2
404	6
405	0
406	5
407	5
408	1
409	4
410	0
411	1
412	1
413	2
414	4
415	2
416	0
417	4
418	0
419	0
420	0
421	5
422	0
423	4
424	0
425	2
426	2
427	4
428	6
429	6
430	5
431	0
432	0
433	0
434	0
435	0
436	4
437	4
438	4
439	4
440	2
441	5
442	4
443	4
444	4
445	2
446	6
447	6
448	6
449	4
450	2
451	5
452	5
453	0
454	0
455	4
456	0
457	2
458	2
459	0
460	0
461	6
462	0
463	0
464	2
465	0
466	5
467	0
468	0
469	0
470	4
471	0
472	0
473	0
474	0
475	0
476	0
477	0
478	0
479	3
480	0
481	1
482	7
483	3
484	2
485	4
486	2
487	5
488	5
489	0
490	0
491	4
492	0
493	2
494	4
495	0
496	5
497	0
498	5
499	5
500	5
501	5
502	5
503	5
504	5
505	5
506	5
507	1
508	0
509	0
510	5
511	3
512	0
513	0
514	0
515	2
516	1
517	1
518	0
519	0
520	1
521	7
522	2
523	2
524	0
525	5
526	2
527	4
528	1
529	5
530	5
531	0
532	1
533	5
534	2
535	7
536	0
537	3
538	0
539	3
540	0
541	0
542	2
543	2
544	2
545	4
546	0
547	4
548	0
549	0
550	0
551	0
552	1
553	7
554	7
555	5
556	2
557	2
558	5
559	0
560	0
561	0
562	2
563	2
564	1
565	5
566	5
567	2
568	2
569	5
570	5
571	1
572	2
573	5
574	2
575	3
576	2
577	0
578	0
579	6
580	8
581	2
582	0
583	7
584	2
585	2
586	1
587	1
588	4
589	0
590	4
591	0
592	6
593	2
594	0
595	3
596	0
597	0
598	7
599	1
600	2
601	0
602	5
603	4
604	1
605	3
606	0
607	0
608	5
609	4
610	1
611	2
612	0
613	1
614	0
615	0
616	5
617	6
618	6
619	1
620	2
621	3
622	1
623	2
624	4
625	1
626	0
627	0
628	3
629	3
630	1
631	1
632	3
633	9
634	1
635	1
636	1
637	1
638	0
639	1
640	6
641	0
642	0
643	0
644	1
645	3
646	1
647	0
648	10
649	5
650	0
651	0
652	0
653	11
654	0
655	4
656	3
657	6
658	12
659	3
660	13
661	5
662	6
663	0
664	2
665	1
666	5
667	0
668	3
669	0
670	14
671	0
672	5
673	0
674	5
675	15
676	6
677	2
678	0
679	0
680	3
681	3
682	3
683	1
684	16
685	1
686	4
687	6
688	2
689	2
690	0
691	17
692	3
693	0
694	2
695	0
696	0
697	3
698	1
699	5
700	5
701	0
702	0
703	18
704	0
705	2
706	2
707	5
708	6
709	6
710	0
711	19
712	1
713	0
714	2
715	0
716	1
717	0
718	1
719	3
720	5
721	4
722	4
723	0
724	4
725	4
726	0
727	3
728	0
729	5
730	0
731	20
732	21
733	0
734	3
735	6
736	4
737	1
738	1
739	0
740	5
741	3
742	0
743	1
744	22
745	0
746	23
747	0
748	0
749	2
750	1
751	2
752	0
753	4
754	5
755	1
756	0
757	4
758	0
759	0
760	6
761	3
762	1
763	1
764	3
765	5
766	7
767	0
768	6
769	0
770	6
771	0
772	24
773	0
774	1
775	0
776	2
777	7
778	5
779	0
780	0
781	3
782	3
783	0
784	1
785	4
786	0
787	0
788	0
789	2
790	2
791	2
792	0
793	0
794	6
795	4
796	0
797	3
798	25
799	6
800	6
801	2
802	2
803	1
804	5
805	5
806	1
807	1
808	26
809	1
810	1
811	0
812	1
813	2
814	3
815	1
816	4
817	2
818	0
819	6
820	2
821	3
822	2
823	5
824	3
825	0
826	1
827	5
828	0
829	2
830	5
831	0
832	1
833	5
834	0
835	2
836	2
837	0
838	6
839	3
840	2
841	3
842	4
843	2
844	5
845	1
846	3
847	4
848	0
849	1
850	2
851	3
852	2
853	0
854	1
855	0
856	5
857	3
858	0
859	1
860	4
861	3
862	7
863	1
864	1
865	1
866	0
867	7
868	3
869	3
870	2
871	3
872	0
873	2
874	2
875	4
876	1
877	0
878	4
879	1
880	1
881	4
882	3
883	4
884	1
885	0
886	1
887	0
888	1
889	0
890	0
891	0
892	0
893	5
894	0
895	4
896	0
897	4
898	0
899	1
900	4
901	1
902	1
903	3
904	3
905	0
906	3
907	3
908	2
909	2
910	2
911	0
912	5
913	5
914	4
915	4
916	4
917	2
918	2
919	4
920	0
921	1
922	5
923	0
924	1
925	4
926	1
927	1
928	1
929	6
930	1
931	1
932	0
933	6
934	0
935	6
936	2
937	6
938	2
939	2
940	2
941	0
942	0
943	3
944	0
945	0
946	0
947	3
948	3
949	1
950	5
951	5
952	0
953	4
954	0
955	2
956	5
957	5
958	0
959	3
960	3
961	3
962	0
963	1
964	4
965	2
966	0
967	5
968	0
969	0
970	2
971	5
972	0
973	5
974	2
975	5
976	4
977	1
978	4
979	0
980	4
981	4
982	1
983	4
984	0
985	3
986	4
987	4
988	4
989	0
990	1
991	1
992	2
993	1
994	1
995	1
996	5
997	4
998	2
999	0
1000	2
1001	1
1002	0
1003	0
1004	1
